2100 200000 0.6956481791637998 0.7274332618990229 4.569131881209003
4100 400000 1.418957420267543 1.4761825760562715 4.032901549500963
6100 600000 2.095036447655366 2.1981189713042113 4.920321255709354
8100 800000 2.755491014358813 2.878568905382417 4.466640986388541
10100 1000000 3.480761845444249 3.65098046107596 4.890268946566962
12100 1200000 4.1501065538996045 4.360046171599061 5.05865608443689
14100 1400000 4.854514753575859 5.055081424191303 4.131549306090918
16100 1600000 5.4857132011196885 5.740173684789807 4.638603484013345
18100 1800000 6.237157170780483 6.516098654535199 4.472253562271717
20100 2000000 6.9067089062749805 7.2371702461727185 4.78464264792602
22100 2200000 7.713071420110646 8.075761562495245 4.702279061476602
24100 2400000 8.326302732580917 8.817778244867622 5.902686078942992
26100 2600000 9.190407653462534 9.666869311809387 5.184336498581146
28100 2800000 9.67504157236508 10.199733079229919 5.423144726979999
30100 3000000 10.404706789608099 10.972575701071218 5.4578079223749825
32100 3200000 11.13722300467598 11.74696958459972 5.474852929385875
34100 3400000 11.901677903185009 12.528042111197465 5.2628227138026915
36100 3600000 12.611300302034579 13.29045949809497 5.385322526582144
38100 3800000 13.549860370982605 14.17805323582561 4.636157477964105
40100 4000000 13.803794253787027 14.595657353027496 5.736561156170694
