1066 200000 0.7424059213248044 0.7984947833755529 7.555012755105636
1522 400000 1.4948039728102152 1.6242992802559122 8.663029387207686
1872 600000 2.2612381060505697 2.502782984697221 10.681974534231102
2157 800000 3.0647839273908004 3.3604428621189357 9.646974851497745
2427 1000000 3.8943994089360388 4.267194720353563 9.572600862718744
2635 1200000 4.758160151758903 5.217674696199237 9.657399704599442
2853 1400000 5.465115522142218 5.99706935476105 9.733624668382419
3045 1600000 6.3009051194025805 6.947808378022228 10.266830659417764
3242 1800000 7.174290545753502 7.908404137869468 10.232560103806932
3403 2000000 7.954531097816243 8.803889929101137 10.677673150565312
3572 2200000 8.812499863797985 9.700084814303068 10.071886118844773
3739 2400000 9.644885078904007 10.685986308096336 10.794335242723633
3888 2600000 10.540911179073465 11.63902941225058 10.417678457979747
4038 2800000 11.178231018977204 12.365788869678 10.623844226198997
4181 3000000 12.0328718165199 13.288660506938594 10.43631736103616
4300 3200000 12.822513013002617 14.130373608235278 10.199721333146087
4423 3400000 13.73831395632883 15.162938996618276 10.369722549783233
4537 3600000 14.715199686190635 16.166419089509827 9.862043562215987
4659 3800000 15.542069616620347 17.145709847914258 10.31806104882591
4763 4000000 16.40836691518125 18.127458990896137 10.47692366096689
