1094 200000 0.8128296308065728 0.7907432551891361 -2.717220777928617
1527 400000 1.657798223504051 1.6124386344089543 -2.7361344976725235
1870 600000 2.541602628294368 2.494020644356715 -1.872125225554413
2193 800000 3.4615014416322993 3.343585799702578 -3.406488309134346
2422 1000000 4.428836792747006 4.317216952034869 -2.5202969975081118
2644 1200000 5.374859887685216 5.2345796314214565 -2.6099332670078894
2863 1400000 6.167308637948463 6.007841228187135 -2.5856888170003174
3084 1600000 7.107643304713929 6.972121577243707 -1.9067041164030059
3267 1800000 8.128583755793898 7.974936020209316 -1.8902153216427706
3440 2000000 9.037308381361346 8.862523712328766 -1.9340345781832298
3618 2200000 9.981222682711813 9.784000008435669 -1.9759370224025474
3784 2400000 11.04063691218289 10.808572887752963 -2.1019079449470297
3941 2600000 11.99841893204275 11.771506119951118 -1.8911892756606647
4078 2800000 12.723369064536564 12.487114728479991 -1.8568535963880635
4228 3000000 13.70424792067879 13.381009961550536 -2.358669815368046
4365 3200000 14.636598373519519 14.29604711921338 -2.326710384581304
4484 3400000 15.583302091816677 15.229018793767045 -2.2734802672899406
4621 3600000 16.582829268772638 16.179136384422144 -2.4344029466111294
4755 3800000 17.590170679558376 17.20005124710078 -2.217826305181646
4883 4000000 18.821631197322677 18.44802598488095 -1.9849778615090088
